0 0.5179684999999999 0.7234375 0.289063 0.171875
0 0.20234400000000002 0.7203125 0.285938 0.15937500000000004
0 0.2093745 0.55625 0.278125 0.15937600000000002
0 0.2203125 0.38749999999999996 0.278125 0.14375
0 0.22578150000000002 0.2492185 0.270313 0.135937
0 0.235156 0.11093750000000001 0.26718800000000004 0.146875
0 0.5054690000000001 0.5578125 0.289062 0.153125
0 0.5109375 0.890625 0.29687500000000006 0.1656240000000001
0 0.5109374999999999 0.3960935 0.275001 0.15468700000000002
0 0.5179684999999999 0.25312500000000004 0.27031299999999997 0.1375
0 0.5218755 0.113281 0.25937499999999997 0.129688
0 0.821875 0.7398435000000001 0.3125 0.151563
0 0.8140625 0.5773435 0.28437500000000004 0.16093699999999994
0 0.8117185 0.4250005 0.276563 0.140625
0 0.81875 0.12343799999999999 0.26875000000000004 0.1375
0 0.821094 0.2804685 0.270312 0.14218699999999998
