0 0.01 0.5703564999999999 0.02 0.016884999999999928
0 0.04625 0.3424015 0.01625 0.015008999999999995
0 0.09468750000000001 0.6060034999999999 0.025624999999999995 0.015008999999999939
0 0.10218749999999999 0.8025329999999999 0.030625 0.01969999999999994
0 0.2253125 0.6458725000000001 0.030625000000000013 0.017823000000000033
0 0.2453125 0.8550660000000001 0.03437500000000002 0.02157600000000004
0 0.2796875 0.413227 0.021875000000000033 0.014072000000000029
0 0.3515625 0.693715 0.02937500000000004 0.017824000000000062
0 0.34968750000000004 0.44090050000000003 0.023125000000000007 0.015008999999999995
0 0.3759375 0.9244840000000001 0.03687499999999999 0.025327999999999906
0 0.45406250000000004 0.46435249999999995 0.021875000000000033 0.015008999999999995
0 0.491875 0.75 0.03375000000000006 0.017824000000000062
0 0.521875 0.977955 0.040000000000000036 0.030955999999999984
0 0.5621875000000001 0.500938 0.02312499999999995 0.015009999999999968
0 0.6340625 0.7969040000000001 0.03312499999999996 0.01782399999999995
0 0.6684375 0.5333019999999999 0.028124999999999956 0.015947999999999962
0 0.7971874999999999 0.5727015 0.02937500000000004 0.017823000000000033
0 0.9496875 0.9108820000000001 0.038124999999999964 0.024389999999999912
0 0.9565625 0.6158535 0.03187499999999999 0.015947000000000044
