0 0.0684375 0.5136025 0.019375000000000003 0.027205000000000035
0 0.1075 0.6758915000000001 0.03125 0.014071000000000056
0 0.19 0.500938 0.013749999999999984 0.016886000000000123
0 0.27156250000000004 0.5905255 0.023125000000000007 0.027205000000000035
0 0.4565625 0.6969985 0.03187499999999999 0.013133000000000061
0 0.47843749999999996 0.6219509999999999 0.02437499999999998 0.016886000000000068
0 0.69625 0.8747655 0.036250000000000004 0.015946999999999933
0 0.72375 0.5942780000000001 0.022499999999999964 0.023451999999999917
0 0.778125 0.575985 0.01375000000000004 0.01313400000000009
0 0.8121875 0.6454035 0.02562500000000001 0.01688500000000004
0 0.0742 0.8616 0.0391 0.0190
