0 0.5347089999999999 0.7694065 0.03251999999999999 0.015525000000000011
0 0.5859915 0.4789955 0.023765000000000036 0.015524999999999956
0 0.5969355000000001 0.3675795 0.01813699999999996 0.015525000000000011
0 0.692933 0.3031965 0.012507999999999964 0.001827000000000023
0 0.7917449999999999 0.34155250000000004 0.015010000000000079 0.0073050000000000614
0 0.8192619999999999 0.4159815 0.016260000000000052 0.008218999999999976
0 0.8486555 0.5031965 0.021263000000000143 0.010958999999999997
0 0.8814884999999999 0.3379 0.015635000000000066 0.007306000000000035
0 0.9215134999999999 0.4004565 0.016884999999999928 0.008218999999999976
0 0.995935 0.4977165 0.006879999999999886 0.010958999999999997
